0 8 4 9 5 
1 7 0 8 
2 0 0 0 
3 9 0 
4 9 
5 905082534570754266 
6 3 
7 4 
8 9 
9 0 0 0 0 
0 8 4 9 5 
1 7 0 8 
2 9 0 0 
3 8 7 
4 0 
5 905082534570754378 
6 3 
7 5 
8 9 
9 0 0 0 0 
0 8 4 9 5 
1 7 0 8 
2 9 0 0 
3 8 8 
4 9 
5 905082534570754410 
6 4583634097733401842 
7 9 
8 9 
9 0 0 0 0 
0 8 4 9 5 
1 9 0 8 
2 6 0 0 
3 8 7 
4 5 
5 0 
6 1 
7 7 
8 9 
9 0 0 0 0 
0 8 4 9 5 
1 9 0 8 
2 4601792244510226515 0 0 
3 8 8 
4 9 
5 0 
6 5 
7 5 
8 9 
9 0 0 0 0 
0 8 4 9 5 
1 7 0 8 
2 1076754515 0 0 
3 8 0 
4 5 
5 905082500211015850 
6 4806476375686256979 
7 4 
8 9 
9 0 0 0 0 
0 8 4 9 5 
1 8 0 8 
2 6 0 0 
3 8 0 
4 5 
5 905082500211015914 
6 9 
7 7 
8 9 
9 0 0 0 0 
0 8 4 9 5 
1 7 0 8 
2 6 0 0 
3 8 8 
4 5 
5 905082500211015978 
6 1076754516 
7 5 
8 9 
9 0 0 0 0 
0 8 4 9 5 
1 7 0 8 
2 4614619735567547403 9 0 
3 9 8 
4 5 
5 0 
6 8 
7 7 
8 9 
9 0 0 0 0 
0 8 4 9 5 
1 7 0 4601792244510226516 
2 9 0 0 
3 8 8 
4 9 
5 905082427196571738 
6 8 
7 5 
8 9 
9 0 0 0 0 
